+1.134644183841249  9.029623248       72.237 500 500 500
+1.372054820957089  8.826754956       70.614 500 500 500
+1.528323496980727  8.655781288       69.246 500 500 500
+1.811853143066060  8.657322505       69.259 500 500 500
+2.032168752951059  8.631635178       69.053 500 500 500
+2.391689926946156  8.535153608       68.281 500 500 500
+2.705584766371778  8.563685405       68.509 500 500 500
+3.174074185856039  8.556752954       68.454 500 500 500
+3.618564804773944  8.468195694       67.746 500 500 500
+4.240317437433291  8.514634448       68.117 500 500 500
