+0.945022925310053  0.036441178       36.441 100 100 100
+1.191360817253026  0.036175751       36.176 100 100 100
+1.184568697939540  0.033542969       33.543 100 100 100
+1.437763455683713  0.035645706       35.646 100 100 100
+1.463043183363641  0.036665757       36.666 100 100 100
+1.740140421390756  0.034664610       34.665 100 100 100
+1.793600559822490  0.033122041       33.122 100 100 100
+2.106274827102638  0.033985264       33.985 100 100 100
+2.188698441105964  0.035766663       35.767 100 100 100
+2.547775111105634  0.036074054       36.074 100 100 100
