+0.945022925310053  0.299285658      299.286 100 100 100
+1.191360817253026  0.258250384      258.250 100 100 100
+1.184568697939540  0.326637677      326.638 100 100 100
+1.437763455683713  0.274612345      274.612 100 100 100
+1.463043183363641  0.279094422      279.094 100 100 100
+1.740140421390756  0.264352200      264.352 100 100 100
+1.793600559822490  0.246360891      246.361 100 100 100
+2.106274827102638  0.246090631      246.091 100 100 100
+2.188698441105964  0.246253303      246.253 100 100 100
+2.547775111105634  0.245130873      245.131 100 100 100
