+0.945022925310053  0.067077903       67.078 100 100 100
+1.191360817253026  0.056571938       56.572 100 100 100
+1.184568697939540  0.058487180       58.487 100 100 100
+1.437763455683713  0.050348723       50.349 100 100 100
+1.463043183363641  0.050499068       50.499 100 100 100
+1.740140421390756  0.048621276       48.621 100 100 100
+1.793600559822490  0.048868334       48.868 100 100 100
+2.106274827102638  0.047898703       47.899 100 100 100
+2.188698441105964  0.047054855       47.055 100 100 100
+2.547775111105634  0.047651768       47.652 100 100 100
