+0.945022925310054  0.051792723       51.793 100 100 100
+1.191360817253026  0.046867494       46.867 100 100 100
+1.184568697939540  0.048069954       48.070 100 100 100
+1.437763455683713  0.041530059       41.530 100 100 100
+1.463043183363641  0.041886485       41.886 100 100 100
+1.740140421390757  0.050014344       50.014 100 100 100
+1.793600559822491  0.041925357       41.925 100 100 100
+2.106274827102640  0.042721430       42.721 100 100 100
+2.188698441105966  0.041902876       41.903 100 100 100
+2.547775111105636  0.039301540       39.302 100 100 100
