+1.134644183841249 12.972975424      103.784 500 500 500
+1.372054820957088 12.463239484       99.706 500 500 500
+1.528323496980726 12.136439485       97.092 500 500 500
+1.811853143066060 12.107893568       96.863 500 500 500
+2.032168752951058 12.223079998       97.785 500 500 500
+2.391689926946154 12.262928944       98.103 500 500 500
+2.705584766371777 12.085406794       96.683 500 500 500
+3.174074185856039 12.238510445       97.908 500 500 500
+3.618564804773945 12.191160977       97.529 500 500 500
+4.240317437433295 12.053566876       96.429 500 500 500
