+0.945022925310053  0.103169059      103.169 100 100 100
+1.191360817253026  0.086686693       86.687 100 100 100
+1.184568697939540  0.082180866       82.181 100 100 100
+1.437763455683713  0.081970794       81.971 100 100 100
+1.463043183363641  0.078353737       78.354 100 100 100
+1.740140421390756  0.078117410       78.117 100 100 100
+1.793600559822490  0.078036665       78.037 100 100 100
+2.106274827102638  0.079315361       79.315 100 100 100
+2.188698441105964  0.079211289       79.211 100 100 100
+2.547775111105634  0.085599042       85.599 100 100 100
