+1.374999999946242 11.806261165       94.450 500 500 500
+1.890624999852166 11.883506482       95.068 500 500 500
+2.599609374695092 11.875027681       95.000 500 500 500
+3.574462890066002 12.086386478       96.691 500 500 500
+4.914886473648602 12.262206915       98.098 500 500 500
+6.757968901002615 12.094366915       96.755 500 500 500
+9.292207238515305 12.023263508       96.186 500 500 500
+12.776784952459023 11.934246392       95.474 500 500 500
+17.568079308944313 12.081972803       96.656 500 500 500
+24.156109048854020 11.908598454       95.269 500 500 500
