+0.945022925310053  0.558778108      558.778 100 100 100
+1.191360817253026  0.509061633      509.062 100 100 100
+1.184568697939540  0.428411438      428.411 100 100 100
+1.437763455683713  0.428146710      428.147 100 100 100
+1.463043183363641  0.428027467      428.027 100 100 100
+1.740140421390756  0.429248316      429.248 100 100 100
+1.793600559822490  0.442545808      442.546 100 100 100
+2.106274827102638  0.428200902      428.201 100 100 100
+2.188698441105964  0.427837269      427.837 100 100 100
+2.547775111105634  0.430598006      430.598 100 100 100
