+1.134644183841249 35.745746339      285.966 500 500 500
+1.372054820957088 34.771812854      278.175 500 500 500
+1.528323496980726 33.243545887      265.948 500 500 500
+1.811853143066060 34.255031761      274.040 500 500 500
+2.032168752951058 34.319116921      274.553 500 500 500
+2.391689926946154 34.590061465      276.720 500 500 500
+2.705584766371777 33.655017896      269.240 500 500 500
+3.174074185856039 33.757028071      270.056 500 500 500
+3.618564804773945 33.671277848      269.370 500 500 500
+4.240317437433295 34.079406900      272.635 500 500 500
