+1.134644183841249  6.469772918       51.758 500 500 500
+1.372054820957088  6.047975861       48.384 500 500 500
+1.528323496980726  6.164673416       49.317 500 500 500
+1.811853143066060  6.090389221       48.723 500 500 500
+2.032168752951058  5.857391304       46.859 500 500 500
+2.391689926946154  5.931739433       47.454 500 500 500
+2.705584766371777  5.837423643       46.699 500 500 500
+3.174074185856039  5.931500846       47.452 500 500 500
+3.618564804773945  5.910578831       47.285 500 500 500
+4.240317437433295  5.947373386       47.579 500 500 500
