+0.945022925310053  0.201241571      201.242 100 100 100
+1.191360817253026  0.188546653      188.547 100 100 100
+1.184568697939540  0.165111833      165.112 100 100 100
+1.437763455683713  0.151597379      151.597 100 100 100
+1.463043183363641  0.167968679      167.969 100 100 100
+1.740140421390756  0.151210632      151.211 100 100 100
+1.793600559822490  0.136781740      136.782 100 100 100
+2.106274827102638  0.134092812      134.093 100 100 100
+2.188698441105964  0.133394278      133.394 100 100 100
+2.547775111105634  0.134822259      134.822 100 100 100
