+1.134644183841249 20.880232941      167.042 500 500 500
+1.372054820957088 20.131087231      161.049 500 500 500
+1.528323496980726 19.832509658      158.660 500 500 500
+1.811853143066060 19.552186279      156.417 500 500 500
+2.032168752951058 19.624358914      156.995 500 500 500
+2.391689926946154 19.418278540      155.346 500 500 500
+2.705584766371777 19.215725173      153.726 500 500 500
+3.174074185856039 19.234239398      153.874 500 500 500
+3.618564804773945 19.530715297      156.246 500 500 500
+4.240317437433295 19.226717401      153.814 500 500 500
