+1.134644183841249 70.699954776      565.600 500 500 500
+1.372054820957088 61.391630144      491.133 500 500 500
+1.528323496980726 61.239925240      489.919 500 500 500
+1.811853143066060 60.099208491      480.794 500 500 500
+2.032168752951058 60.102355584      480.819 500 500 500
+2.391689926946154 60.499041985      483.992 500 500 500
+2.705584766371777 60.561323928      484.491 500 500 500
+3.174074185856039 60.872401333      486.979 500 500 500
+3.618564804773945 60.832513477      486.660 500 500 500
+4.240317437433295 59.936719290      479.494 500 500 500
