+0.945022925310054  0.020560043       20.560 100 100 100
+1.191360817253026  0.019731186       19.731 100 100 100
+1.184568697939540  0.020873134       20.873 100 100 100
+1.437763455683713  0.019627206       19.627 100 100 100
+1.463043183363641  0.020133945       20.134 100 100 100
+1.740140421390755  0.019522437       19.522 100 100 100
+1.793600559822490  0.019548026       19.548 100 100 100
+2.106274827102637  0.019258789       19.259 100 100 100
+2.188698441105964  0.019921285       19.921 100 100 100
+2.547775111105633  0.019789673       19.790 100 100 100
