+1.134644183841249 119.672155033      957.377 500 500 500
+1.372054820957088 116.979290417      935.834 500 500 500
+1.528323496980726 116.563479661      932.508 500 500 500
+1.811853143066060 115.363382933      922.907 500 500 500
+2.032168752951058 114.839561885      918.716 500 500 500
+2.391689926946154 112.701583100      901.613 500 500 500
+2.705584766371777 111.425728638      891.406 500 500 500
+3.174074185856039 109.629461786      877.036 500 500 500
+3.618564804773945 107.022336958      856.179 500 500 500
+4.240317437433295 104.112113420      832.897 500 500 500
