+1.134644183841250  5.471618422       43.773 500 500 500
+1.372054820957089  5.082920919       40.663 500 500 500
+1.528323496980728  5.086715008       40.694 500 500 500
+1.811853143066062  5.095201500       40.762 500 500 500
+2.032168752951061  5.016805598       40.134 500 500 500
+2.391689926946157  4.998637527       39.989 500 500 500
+2.705584766371780  4.988898888       39.911 500 500 500
+3.174074185856043  4.981835402       39.855 500 500 500
+3.618564804773950  4.995136966       39.961 500 500 500
+4.240317437433300  4.997820592       39.983 500 500 500
