+1.374999999946242  0.148851139      148.851 100 100 100
+1.890624999852166  0.163832818      163.833 100 100 100
+2.599609374695092  0.201740814      201.741 100 100 100
+3.574462890066002  0.226267300      226.267 100 100 100
+4.914886473648602  0.244839865      244.840 100 100 100
+6.757968901002615  0.157012245      157.012 100 100 100
+9.292207238515305  0.163237543      163.238 100 100 100
+12.776784952459023  0.191717392      191.717 100 100 100
+17.568079308944313  0.225032832      225.033 100 100 100
+24.156109048854020  0.190517941      190.518 100 100 100
